Addition Table
+|1 2 3 4 5 6 7 8 9 
-|-----------------------
1|2 3 4 5 6 7 8 9 10 
2|3 4 5 6 7 8 9 10 11 
3|4 5 6 7 8 9 10 11 12 
4|5 6 7 8 9 10 11 12 13 
5|6 7 8 9 10 11 12 13 14 
6|7 8 9 10 11 12 13 14 15 
7|8 9 10 11 12 13 14 15 16 
8|9 10 11 12 13 14 15 16 17 
9|10 11 12 13 14 15 16 17 18 

Multiplication Table
*|1 2 3 4 5 6 7 8 9 
-|-----------------------
1|1 2 3 4 5 6 7 8 9 
2|2 4 6 8 10 12 14 16 18 
3|3 6 9 12 15 18 21 24 27 
4|4 8 12 16 20 24 28 32 36 
5|5 10 15 20 25 30 35 40 45 
6|6 12 18 24 30 36 42 48 54 
7|7 14 21 28 35 42 49 56 63 
8|8 16 24 32 40 48 56 64 72 
9|9 18 27 36 45 54 63 72 81 

Rectangle Method Practice
X= 5.0
Y= 10.0
Width= 20.0
Height= 30.0
java.awt.Rectangle[x=15,y=25,width=20,height=30]
java.awt.Rectangle[x=15,y=25,width=5,height=-5]
java.awt.Rectangle[x=0,y=0,width=35,height=45]
java.awt.Rectangle[x=30,y=45,width=10,height=15]
